0.000000000000000000e+00 0.000000000000000000e+00
1.000000000000000021e-03 9.935641003036359553e-01
2.000000000000000042e-03 1.585811980720744696e+00
3.000000000000000062e-03 1.579530237150736705e+00
4.000000000000000083e-03 1.076389749859458123e+00
5.000000000000000104e-03 4.122147477075269739e-01
6.000000000000000125e-03 -3.123073443353518996e-02
7.000000000000000146e-03 -3.531093112706806814e-02
8.000000000000000167e-03 3.390953651276178982e-01
9.000000000000001055e-03 7.907706684766627747e-01
1.000000000000000021e-02 9.510565162951536422e-01
1.099999999999999936e-02 5.958100580910727917e-01
1.200000000000000025e-02 -2.196606996077953844e-01
1.300000000000000114e-02 -1.177141547059625148e+00
1.400000000000000029e-02 -1.855883568761172331e+00
1.499999999999999944e-02 -1.951056516295154308e+00
1.600000000000000033e-02 -1.432810190396869965e+00
1.700000000000000122e-02 -5.603271072100923789e-01
1.800000000000000211e-02 2.565426732095429374e-01
1.899999999999999953e-02 6.732702563537412699e-01
2.000000000000000042e-02 5.877852522924733591e-01
2.100000000000000130e-02 1.836837608106450803e-01
2.199999999999999872e-02 -1.827279904833150059e-01
2.299999999999999961e-02 -1.890097340533245518e-01
2.400000000000000050e-02 2.665094103664650271e-01
2.500000000000000139e-02 9.999999999999992228e-01
2.600000000000000228e-02 1.635603622223840592e+00
2.699999999999999969e-02 1.807043722803219232e+00
2.800000000000000058e-02 1.358298495068264611e+00
2.900000000000000147e-02 4.343502279392521537e-01
2.999999999999999889e-02 -5.877852522924692513e-01
3.099999999999999978e-02 -1.291304245103635395e+00
3.200000000000000067e-02 -1.432113177794489101e+00
3.300000000000000155e-02 -1.057706881539806076e+00
3.400000000000000244e-02 -4.693028421934389294e-01
3.500000000000000333e-02 -4.894348370484669086e-02
3.600000000000000422e-02 -4.622946382913439844e-02
3.699999999999999817e-02 -4.408924416902640919e-01
3.799999999999999906e-02 -9.559098049771483918e-01
3.899999999999999994e-02 -1.213844046840965696e+00
4.000000000000000083e-02 -9.510565162951544194e-01
4.100000000000000172e-02 -1.727366797267683718e-01
4.200000000000000261e-02 8.364751394573263221e-01
4.300000000000000350e-02 1.653344919876963193e+00
4.399999999999999745e-02 1.933343767023842918e+00
4.499999999999999833e-02 1.587785252292480020e+00
4.599999999999999922e-02 8.257232827308550460e-01
4.700000000000000011e-02 3.850375159916030743e-02
4.800000000000000100e-02 -4.102414761357994211e-01
4.900000000000000189e-02 -3.755301115537455492e-01
5.000000000000000278e-02 -2.633609598803397685e-15
5.100000000000000366e-02 3.755301115537411083e-01
5.200000000000000455e-02 4.102414761357958684e-01
5.299999999999999850e-02 -3.850375159915431222e-02
5.399999999999999939e-02 -8.257232827308447209e-01
5.500000000000000028e-02 -1.587785252292471805e+00
5.600000000000000117e-02 -1.933343767023841364e+00
5.700000000000000205e-02 -1.653344919876963637e+00
5.800000000000000294e-02 -8.364751394573287646e-01
5.900000000000000383e-02 1.727366797267648746e-01
5.999999999999999778e-02 9.510565162951500895e-01
6.099999999999999867e-02 1.213844046840970581e+00
6.199999999999999956e-02 9.559098049771534988e-01
6.300000000000000044e-02 4.408924416902770815e-01
6.400000000000000133e-02 4.622946382913584173e-02
6.500000000000000222e-02 4.894348370484580268e-02
6.600000000000000311e-02 4.693028421934320460e-01
6.700000000000000400e-02 1.057706881539798305e+00
6.800000000000000488e-02 1.432113177794485548e+00
6.900000000000000577e-02 1.291304245103636283e+00
7.000000000000000666e-02 5.877852522924721379e-01
7.100000000000000755e-02 -4.343502279392532639e-01
7.200000000000000844e-02 -1.358298495068266831e+00
7.299999999999999545e-02 -1.807043722803217900e+00
7.399999999999999634e-02 -1.635603622223850806e+00
7.499999999999999722e-02 -1.000000000000009326e+00
7.599999999999999811e-02 -2.665094103664699121e-01
7.699999999999999900e-02 1.890097340533239967e-01
7.799999999999999989e-02 1.827279904833204460e-01
7.900000000000000078e-02 -1.836837608106373088e-01
8.000000000000000167e-02 -5.877852522924722489e-01
8.100000000000000255e-02 -6.732702563537391605e-01
8.200000000000000344e-02 -2.565426732095420492e-01
8.300000000000000433e-02 5.603271072100921568e-01
8.400000000000000522e-02 1.432810190396864858e+00
8.500000000000000611e-02 1.951056516295150534e+00
8.600000000000000699e-02 1.855883568761172109e+00
8.700000000000000788e-02 1.177141547059626481e+00
8.799999999999999489e-02 2.196606996078037666e-01
8.899999999999999578e-02 -5.958100580910639099e-01
8.999999999999999667e-02 -9.510565162951576390e-01
9.099999999999999756e-02 -7.907706684766694361e-01
9.199999999999999845e-02 -3.390953651276283343e-01
9.299999999999999933e-02 3.531093112705896431e-02
9.400000000000000022e-02 3.123073443353652223e-02
9.500000000000000111e-02 -4.122147477075188693e-01
9.600000000000000200e-02 -1.076389749859457012e+00
9.700000000000000289e-02 -1.579530237150733596e+00
9.800000000000000377e-02 -1.585811980720743364e+00
9.900000000000000466e-02 -9.935641003036346230e-01
1.000000000000000056e-01 -6.110854383004996299e-16
1.010000000000000064e-01 9.935641003036312924e-01
1.020000000000000073e-01 1.585811980720746917e+00
1.030000000000000082e-01 1.579530237150740035e+00
1.040000000000000091e-01 1.076389749859465450e+00
1.049999999999999961e-01 4.122147477075350785e-01
1.059999999999999970e-01 -3.123073443353308054e-02
1.069999999999999979e-01 -3.531093112706829018e-02
1.079999999999999988e-01 3.390953651276108483e-01
1.089999999999999997e-01 7.907706684766507843e-01
1.100000000000000006e-01 9.510565162951503115e-01
1.110000000000000014e-01 5.958100580910714594e-01
1.120000000000000023e-01 -2.196606996077830609e-01
1.130000000000000032e-01 -1.177141547059623816e+00
1.140000000000000041e-01 -1.855883568761170999e+00
1.150000000000000050e-01 -1.951056516295156751e+00
1.160000000000000059e-01 -1.432810190396869743e+00
1.170000000000000068e-01 -5.603271072100971528e-01
1.180000000000000077e-01 2.565426732095387186e-01
1.190000000000000085e-01 6.732702563537447116e-01
1.199999999999999956e-01 5.877852522924860157e-01
1.209999999999999964e-01 1.836837608106512421e-01
1.219999999999999973e-01 -1.827279904833066793e-01
1.229999999999999982e-01 -1.890097340533271053e-01
1.239999999999999991e-01 2.665094103664596981e-01
1.250000000000000000e-01 9.999999999999892308e-01
1.260000000000000009e-01 1.635603622223830822e+00
1.270000000000000018e-01 1.807043722803216568e+00
1.280000000000000027e-01 1.358298495068269718e+00
1.290000000000000036e-01 4.343502279392651433e-01
1.300000000000000044e-01 -5.877852522924720269e-01
1.310000000000000053e-01 -1.291304245103638060e+00
1.320000000000000062e-01 -1.432113177794499315e+00
1.330000000000000071e-01 -1.057706881539804744e+00
1.340000000000000080e-01 -4.693028421934448691e-01
1.350000000000000089e-01 -4.894348370484979949e-02
1.360000000000000098e-01 -4.622946382913184493e-02
1.370000000000000107e-01 -4.408924416902643140e-01
1.380000000000000115e-01 -9.559098049771405092e-01
1.390000000000000124e-01 -1.213844046840963475e+00
1.400000000000000133e-01 -9.510565162951494234e-01
1.410000000000000142e-01 -1.727366797267684273e-01
1.420000000000000151e-01 8.364751394573308740e-01
1.430000000000000160e-01 1.653344919876963193e+00
1.440000000000000169e-01 1.933343767023842474e+00
1.449999999999999900e-01 1.587785252292493787e+00
1.459999999999999909e-01 8.257232827308664813e-01
1.469999999999999918e-01 3.850375159917307499e-02
1.479999999999999927e-01 -4.102414761357985329e-01
1.489999999999999936e-01 -3.755301115537517109e-01
1.499999999999999944e-01 -2.033532667221194591e-14
1.509999999999999953e-01 3.755301115537280077e-01
1.519999999999999962e-01 4.102414761357991990e-01
1.529999999999999971e-01 -3.850375159914709577e-02
1.539999999999999980e-01 -8.257232827308284007e-01
1.549999999999999989e-01 -1.587785252292463589e+00
1.559999999999999998e-01 -1.933343767023839810e+00
1.570000000000000007e-01 -1.653344919876965857e+00
1.580000000000000016e-01 -8.364751394573366472e-01
1.590000000000000024e-01 1.727366797267582132e-01
1.600000000000000033e-01 9.510565162951500895e-01
1.610000000000000042e-01 1.213844046840970581e+00
1.620000000000000051e-01 9.559098049771648231e-01
1.630000000000000060e-01 4.408924416902746390e-01
1.640000000000000069e-01 4.622946382913895036e-02
1.650000000000000078e-01 4.894348370484269406e-02
1.660000000000000087e-01 4.693028421934360428e-01
1.670000000000000095e-01 1.057706881539794086e+00
1.680000000000000104e-01 1.432113177794478442e+00
1.690000000000000113e-01 1.291304245103629844e+00
1.700000000000000122e-01 5.877852522924872369e-01
1.710000000000000131e-01 -4.343502279392455478e-01
1.720000000000000140e-01 -1.358298495068266831e+00
1.730000000000000149e-01 -1.807043722803224117e+00
1.740000000000000158e-01 -1.635603622223850806e+00
1.750000000000000167e-01 -9.999999999999980016e-01
1.759999999999999898e-01 -2.665094103664775727e-01
1.769999999999999907e-01 1.890097340533216652e-01
1.779999999999999916e-01 1.827279904833274404e-01
1.789999999999999925e-01 -1.836837608106318409e-01
1.799999999999999933e-01 -5.877852522924480461e-01
1.809999999999999942e-01 -6.732702563537371621e-01
1.819999999999999951e-01 -2.565426732095482665e-01
1.829999999999999960e-01 5.603271072100589612e-01
1.839999999999999969e-01 1.432810190396848427e+00
1.849999999999999978e-01 1.951056516295149645e+00
1.859999999999999987e-01 1.855883568761186098e+00
1.869999999999999996e-01 1.177141547059643356e+00
1.880000000000000004e-01 2.196606996078074858e-01
1.890000000000000013e-01 -5.958100580910710153e-01
1.900000000000000022e-01 -9.510565162951608587e-01
1.910000000000000031e-01 -7.907706684766742100e-01
1.920000000000000040e-01 -3.390953651276221725e-01
1.930000000000000049e-01 3.531093112705807613e-02
1.940000000000000058e-01 3.123073443353630019e-02
1.950000000000000067e-01 -4.122147477075279731e-01
1.960000000000000075e-01 -1.076389749859439249e+00
1.970000000000000084e-01 -1.579530237150728267e+00
1.980000000000000093e-01 -1.585811980720743586e+00
1.990000000000000102e-01 -9.935641003036448371e-01
2.000000000000000111e-01 -1.222170876600999260e-15
2.010000000000000120e-01 9.935641003036450591e-01
2.020000000000000129e-01 1.585811980720744696e+00
2.030000000000000138e-01 1.579530237150741367e+00
2.040000000000000147e-01 1.076389749859453904e+00
2.050000000000000155e-01 4.122147477075375210e-01
2.060000000000000164e-01 -3.123073443353696632e-02
2.070000000000000173e-01 -3.531093112706995552e-02
2.080000000000000182e-01 3.390953651275975256e-01
2.089999999999999913e-01 7.907706684766369065e-01
2.099999999999999922e-01 9.510565162951463147e-01
2.109999999999999931e-01 5.958100580910739019e-01
2.119999999999999940e-01 -2.196606996077719032e-01
2.129999999999999949e-01 -1.177141547059603166e+00
2.139999999999999958e-01 -1.855883568761167446e+00
2.149999999999999967e-01 -1.951056516295162080e+00
2.159999999999999976e-01 -1.432810190396885286e+00
2.169999999999999984e-01 -5.603271072101005945e-01
2.179999999999999993e-01 2.565426732095285045e-01
2.190000000000000002e-01 6.732702563537468210e-01
2.200000000000000011e-01 5.877852522924827960e-01
2.210000000000000020e-01 1.836837608106738073e-01
2.220000000000000029e-01 -1.827279904833000179e-01
2.230000000000000038e-01 -1.890097340533271053e-01
2.240000000000000047e-01 2.665094103664468195e-01
2.250000000000000056e-01 9.999999999999862332e-01
2.260000000000000064e-01 1.635603622223839260e+00
2.270000000000000073e-01 1.807043722803216124e+00
2.280000000000000082e-01 1.358298495068266831e+00
2.290000000000000091e-01 4.343502279392483234e-01
2.300000000000000100e-01 -5.877852522924640333e-01
2.310000000000000109e-01 -1.291304245103643167e+00
2.320000000000000118e-01 -1.432113177794486436e+00
2.330000000000000127e-01 -1.057706881539820509e+00
2.340000000000000135e-01 -4.693028421934469785e-01
2.350000000000000144e-01 -4.894348370484635780e-02
2.360000000000000153e-01 -4.622946382912496155e-02
2.370000000000000162e-01 -4.408924416902581522e-01
2.380000000000000171e-01 -9.559098049771462824e-01
2.390000000000000180e-01 -1.213844046840950597e+00
2.399999999999999911e-01 -9.510565162951674090e-01
2.409999999999999920e-01 -1.727366797267914089e-01
2.419999999999999929e-01 8.364751394573132215e-01
2.429999999999999938e-01 1.653344919876945429e+00
2.439999999999999947e-01 1.933343767023848248e+00
2.449999999999999956e-01 1.587785252292484683e+00
2.459999999999999964e-01 8.257232827308839118e-01
2.469999999999999973e-01 3.850375159917562851e-02
2.479999999999999982e-01 -4.102414761357967565e-01
2.489999999999999991e-01 -3.755301115537629797e-01
2.500000000000000000e-01 -2.204983219101824114e-14
2.510000000000000009e-01 3.755301115537306167e-01
2.520000000000000018e-01 4.102414761357933148e-01
2.530000000000000027e-01 -3.850375159914865009e-02
2.540000000000000036e-01 -8.257232827308413903e-01
2.550000000000000044e-01 -1.587785252292449822e+00
2.560000000000000053e-01 -1.933343767023839810e+00
2.570000000000000062e-01 -1.653344919876968078e+00
2.580000000000000071e-01 -8.364751394573541887e-01
2.590000000000000080e-01 1.727366797267544940e-01
2.600000000000000089e-01 9.510565162951550855e-01
2.610000000000000098e-01 1.213844046840983459e+00
2.620000000000000107e-01 9.559098049771721506e-01
2.630000000000000115e-01 4.408924416902808008e-01
2.640000000000000124e-01 4.622946382914805419e-02
2.650000000000000133e-01 4.894348370484180588e-02
2.660000000000000142e-01 4.693028421934338779e-01
2.670000000000000151e-01 1.057706881539778321e+00
2.680000000000000160e-01 1.432113177794477776e+00
2.690000000000000169e-01 1.291304245103631398e+00
2.700000000000000178e-01 5.877852522924836842e-01
2.710000000000000187e-01 -4.343502279392482124e-01
2.720000000000000195e-01 -1.358298495068269718e+00
2.730000000000000204e-01 -1.807043722803227670e+00
2.740000000000000213e-01 -1.635603622223850362e+00
2.750000000000000222e-01 -1.000000000000000888e+00
2.760000000000000231e-01 -2.665094103664779057e-01
2.770000000000000240e-01 1.890097340533267722e-01
2.780000000000000249e-01 1.827279904833217783e-01
2.790000000000000258e-01 -1.836837608106166031e-01
2.800000000000000266e-01 -5.877852522924557066e-01
2.810000000000000275e-01 -6.732702563537296125e-01
2.820000000000000284e-01 -2.565426732095393847e-01
2.830000000000000293e-01 5.603271072100954875e-01
2.840000000000000302e-01 1.432810190396872629e+00
2.850000000000000311e-01 1.951056516295157639e+00
2.860000000000000320e-01 1.855883568761173219e+00
2.870000000000000329e-01 1.177141547059616045e+00
2.880000000000000338e-01 2.196606996077732354e-01
2.889999999999999791e-01 -5.958100580910564714e-01
2.899999999999999800e-01 -9.510565162951694074e-01
2.909999999999999809e-01 -7.907706684766869776e-01
2.919999999999999818e-01 -3.390953651276400471e-01
2.929999999999999827e-01 3.531093112704619674e-02
2.939999999999999836e-01 3.123073443354484890e-02
2.949999999999999845e-01 -4.122147477075026600e-01
2.959999999999999853e-01 -1.076389749859410827e+00
2.969999999999999862e-01 -1.579530237150713168e+00
2.979999999999999871e-01 -1.585811980720746472e+00
2.989999999999999880e-01 -9.935641003036688179e-01
2.999999999999999889e-01 -3.380767942410600962e-14
3.009999999999999898e-01 9.935641003036075336e-01
3.019999999999999907e-01 1.585811980720735814e+00
3.029999999999999916e-01 1.579530237150756466e+00
3.039999999999999925e-01 1.076389749859482325e+00
3.049999999999999933e-01 4.122147477075628341e-01
3.059999999999999942e-01 -3.123073443352852863e-02
3.069999999999999951e-01 -3.531093112708183490e-02
3.079999999999999960e-01 3.390953651275738778e-01
3.089999999999999969e-01 7.907706684766286909e-01
3.099999999999999978e-01 9.510565162951394313e-01
3.109999999999999987e-01 5.958100580910952182e-01
3.119999999999999996e-01 -2.196606996077624108e-01
3.130000000000000004e-01 -1.177141547059603610e+00
3.140000000000000013e-01 -1.855883568761167890e+00
3.150000000000000022e-01 -1.951056516295162968e+00
3.160000000000000031e-01 -1.432810190396885952e+00
3.170000000000000040e-01 -5.603271072101000394e-01
3.180000000000000049e-01 2.565426732095317242e-01
3.190000000000000058e-01 6.732702563537529272e-01
3.200000000000000067e-01 5.877852522924768008e-01
3.210000000000000075e-01 1.836837608106688391e-01
3.220000000000000084e-01 -1.827279904833049029e-01
3.230000000000000093e-01 -1.890097340533238857e-01
3.240000000000000102e-01 2.665094103664464864e-01
3.250000000000000111e-01 9.999999999999833467e-01
3.260000000000000120e-01 1.635603622223835263e+00
3.270000000000000129e-01 1.807043722803212571e+00
3.280000000000000138e-01 1.358298495068263945e+00
3.290000000000000147e-01 4.343502279392457144e-01
3.300000000000000155e-01 -5.877852522924533751e-01
3.310000000000000164e-01 -1.291304245103634729e+00
3.320000000000000173e-01 -1.432113177794492875e+00
3.330000000000000182e-01 -1.057706881539826949e+00
3.340000000000000191e-01 -4.693028421934514749e-01
3.350000000000000200e-01 -4.894348370484724597e-02
3.360000000000000209e-01 -4.622946382912185292e-02
3.370000000000000218e-01 -4.408924416902519905e-01
3.380000000000000226e-01 -9.559098049771388439e-01
3.390000000000000235e-01 -1.213844046840957258e+00
3.400000000000000244e-01 -9.510565162951625240e-01
3.410000000000000253e-01 -1.727366797267634313e-01
3.420000000000000262e-01 8.364751394573151089e-01
3.430000000000000271e-01 1.653344919876947428e+00
3.440000000000000280e-01 1.933343767023845139e+00
3.450000000000000289e-01 1.587785252292487126e+00
3.460000000000000298e-01 8.257232827308806922e-01
3.470000000000000306e-01 3.850375159914753986e-02
3.480000000000000315e-01 -4.102414761358131878e-01
3.490000000000000324e-01 -3.755301115537292289e-01
3.500000000000000333e-01 -2.448055637021529219e-15
3.510000000000000342e-01 3.755301115537229006e-01
3.519999999999999796e-01 4.102414761357997541e-01
3.529999999999999805e-01 -3.850375159912378109e-02
3.539999999999999813e-01 -8.257232827307795509e-01
3.549999999999999822e-01 -1.587785252292447602e+00
3.559999999999999831e-01 -1.933343767023836257e+00
3.569999999999999840e-01 -1.653344919877004937e+00
3.579999999999999849e-01 -8.364751394573638477e-01
3.589999999999999858e-01 1.727366797267191334e-01
3.599999999999999867e-01 9.510565162951283291e-01
3.609999999999999876e-01 1.213844046840976798e+00
3.619999999999999885e-01 9.559098049771946881e-01
3.629999999999999893e-01 4.408924416903313714e-01
3.639999999999999902e-01 4.622946382914672192e-02
3.649999999999999911e-01 4.894348370483214694e-02
3.659999999999999920e-01 4.693028421933840844e-01
3.669999999999999929e-01 1.057706881539780319e+00
3.679999999999999938e-01 1.432113177794467784e+00
3.689999999999999947e-01 1.291304245103650494e+00
3.699999999999999956e-01 5.877852522924944534e-01
3.709999999999999964e-01 -4.343502279392091880e-01
3.719999999999999973e-01 -1.358298495068224643e+00
3.729999999999999982e-01 -1.807043722803223007e+00
3.739999999999999991e-01 -1.635603622223874787e+00
3.750000000000000000e-01 -1.000000000000060840e+00
3.760000000000000009e-01 -2.665094103664826797e-01
3.770000000000000018e-01 1.890097340533198889e-01
3.780000000000000027e-01 1.827279904833168933e-01
3.790000000000000036e-01 -1.836837608106216269e-01
3.800000000000000044e-01 -5.877852522924386092e-01
3.810000000000000053e-01 -6.732702563537370510e-01
3.820000000000000062e-01 -2.565426732095476003e-01
3.830000000000000071e-01 5.603271072100601824e-01
3.840000000000000080e-01 1.432810190396871963e+00
3.850000000000000089e-01 1.951056516295147869e+00
3.860000000000000098e-01 1.855883568761189206e+00
3.870000000000000107e-01 1.177141547059623816e+00
3.880000000000000115e-01 2.196606996078092067e-01
3.890000000000000124e-01 -5.958100580910608013e-01
3.900000000000000133e-01 -9.510565162951586382e-01
3.910000000000000142e-01 -7.907706684766837579e-01
3.920000000000000151e-01 -3.390953651276590874e-01
3.930000000000000160e-01 3.531093112706329418e-02
3.940000000000000169e-01 3.123073443353385770e-02
3.950000000000000178e-01 -4.122147477075002175e-01
3.960000000000000187e-01 -1.076389749859462563e+00
3.970000000000000195e-01 -1.579530237150726046e+00
3.980000000000000204e-01 -1.585811980720742032e+00
3.990000000000000213e-01 -9.935641003036239649e-01
4.000000000000000222e-01 -2.444341753201998520e-15
4.010000000000000231e-01 9.935641003036246310e-01
4.020000000000000240e-01 1.585811980720755798e+00
4.030000000000000249e-01 1.579530237150752026e+00
4.040000000000000258e-01 1.076389749859487210e+00
4.050000000000000266e-01 4.122147477075193134e-01
4.060000000000000275e-01 -3.123073443353507894e-02
4.070000000000000284e-01 -3.531093112708683091e-02
4.080000000000000293e-01 3.390953651276212844e-01
4.090000000000000302e-01 7.907706684766590000e-01
4.100000000000000311e-01 9.510565162951326590e-01
4.110000000000000320e-01 5.958100580910665744e-01
4.120000000000000329e-01 -2.196606996078023233e-01
4.130000000000000338e-01 -1.177141547059604498e+00
4.140000000000000346e-01 -1.855883568761184765e+00
4.150000000000000355e-01 -1.951056516295155197e+00
4.160000000000000364e-01 -1.432810190396882177e+00
4.169999999999999818e-01 -5.603271072101437822e-01
4.179999999999999827e-01 2.565426732095081874e-01
4.189999999999999836e-01 6.732702563537320550e-01
4.199999999999999845e-01 5.877852522925081091e-01
4.209999999999999853e-01 1.836837608106920150e-01
4.219999999999999862e-01 -1.827279904832983526e-01
4.229999999999999871e-01 -1.890097340533306580e-01
4.239999999999999880e-01 2.665094103664253922e-01
4.249999999999999889e-01 9.999999999999803491e-01
4.259999999999999898e-01 1.635603622223819498e+00
4.269999999999999907e-01 1.807043722803215235e+00
4.279999999999999916e-01 1.358298495068284151e+00
4.289999999999999925e-01 4.343502279392846832e-01
4.299999999999999933e-01 -5.877852522924196244e-01
4.309999999999999942e-01 -1.291304245103639836e+00
4.319999999999999951e-01 -1.432113177794502867e+00
4.329999999999999960e-01 -1.057706881539860699e+00
4.339999999999999969e-01 -4.693028421934513639e-01
4.349999999999999978e-01 -4.894348370485701594e-02
4.359999999999999987e-01 -4.622946382911108376e-02
4.369999999999999996e-01 -4.408924416902624266e-01
4.380000000000000004e-01 -9.559098049771163064e-01
4.390000000000000013e-01 -1.213844046840951929e+00
4.400000000000000022e-01 -9.510565162951487572e-01
4.410000000000000031e-01 -1.727366797267988474e-01
4.420000000000000040e-01 8.364751394572895737e-01
4.430000000000000049e-01 1.653344919876956087e+00
4.440000000000000058e-01 1.933343767023852688e+00
4.450000000000000067e-01 1.587785252292512439e+00
4.460000000000000075e-01 8.257232827308622625e-01
4.470000000000000084e-01 3.850375159917240886e-02
4.480000000000000093e-01 -4.102414761357969786e-01
4.490000000000000102e-01 -3.755301115537577061e-01
4.500000000000000111e-01 -2.547884322863083160e-14
4.510000000000000120e-01 3.755301115536944234e-01
4.520000000000000129e-01 4.102414761357966455e-01
4.530000000000000138e-01 -3.850375159915186973e-02
4.540000000000000147e-01 -8.257232827308067513e-01
4.550000000000000155e-01 -1.587785252292468030e+00
4.560000000000000164e-01 -1.933343767023834925e+00
4.570000000000000173e-01 -1.653344919876988062e+00
4.580000000000000182e-01 -8.364751394573228804e-01
4.590000000000000191e-01 1.727366797267470000e-01
4.600000000000000200e-01 9.510565162951563067e-01
4.610000000000000209e-01 1.213844046840971469e+00
4.620000000000000218e-01 9.559098049771872496e-01
4.630000000000000226e-01 4.408924416903112209e-01
4.640000000000000235e-01 4.622946382913328822e-02
4.650000000000000244e-01 4.894348370484002952e-02
4.660000000000000253e-01 4.693028421934045125e-01
4.670000000000000262e-01 1.057706881539793198e+00
4.680000000000000271e-01 1.432113177794476666e+00
4.690000000000000280e-01 1.291304245103626736e+00
4.700000000000000289e-01 5.877852522924679191e-01
4.710000000000000298e-01 -4.343502279392535415e-01
4.720000000000000306e-01 -1.358298495068245959e+00
4.730000000000000315e-01 -1.807043722803233221e+00
4.740000000000000324e-01 -1.635603622223858356e+00
4.750000000000000333e-01 -1.000000000000035305e+00
4.760000000000000342e-01 -2.665094103664578107e-01
4.770000000000000351e-01 1.890097340533248849e-01
4.780000000000000360e-01 1.827279904833531976e-01
4.790000000000000369e-01 -1.836837608106413056e-01
4.799999999999999822e-01 -5.877852522924216228e-01
4.809999999999999831e-01 -6.732702563537525942e-01
4.819999999999999840e-01 -2.565426732095712481e-01
4.829999999999999849e-01 5.603271072100164396e-01
4.839999999999999858e-01 1.432810190396841765e+00
4.849999999999999867e-01 1.951056516295138099e+00
4.859999999999999876e-01 1.855883568761200753e+00
4.869999999999999885e-01 1.177141547059657789e+00
4.879999999999999893e-01 2.196606996078335761e-01
4.889999999999999902e-01 -5.958100580910395960e-01
4.899999999999999911e-01 -9.510565162951741813e-01
4.909999999999999920e-01 -7.907706684767032979e-01
4.919999999999999929e-01 -3.390953651276712444e-01
4.929999999999999938e-01 3.531093112705130377e-02
4.939999999999999947e-01 3.123073443354662526e-02
4.949999999999999956e-01 -4.122147477074749045e-01
4.959999999999999964e-01 -1.076389749859433920e+00
4.969999999999999973e-01 -1.579530237150702510e+00
4.979999999999999982e-01 -1.585811980720750691e+00
4.989999999999999991e-01 -9.935641003036412844e-01
5.000000000000000000e-01 -4.213527765830800601e-14
5.010000000000000009e-01 9.935641003035802221e-01
5.020000000000000018e-01 1.585811980720746917e+00
5.030000000000000027e-01 1.579530237150758687e+00
5.040000000000000036e-01 1.076389749859520073e+00
5.050000000000000044e-01 4.122147477075446265e-01
5.060000000000000053e-01 -3.123073443353108214e-02
5.070000000000000062e-01 -3.531093112709882131e-02
5.080000000000000071e-01 3.390953651275862013e-01
5.090000000000000080e-01 7.907706684766259153e-01
5.100000000000000089e-01 9.510565162951455376e-01
5.110000000000000098e-01 5.958100580910745681e-01
5.120000000000000107e-01 -2.196606996077549168e-01
5.130000000000000115e-01 -1.177141547059578741e+00
5.140000000000000124e-01 -1.855883568761164781e+00
5.150000000000000133e-01 -1.951056516295164744e+00
5.160000000000000142e-01 -1.432810190396916816e+00
5.170000000000000151e-01 -5.603271072100988182e-01
5.180000000000000160e-01 2.565426732095266171e-01
5.190000000000000169e-01 6.732702563537705798e-01
5.200000000000000178e-01 5.877852522924933432e-01
5.210000000000000187e-01 1.836837608106723363e-01
5.220000000000000195e-01 -1.827279904832735946e-01
5.230000000000000204e-01 -1.890097340533256620e-01
5.240000000000000213e-01 2.665094103664459313e-01
5.250000000000000222e-01 9.999999999999490408e-01
5.260000000000000231e-01 1.635603622223827269e+00
5.270000000000000240e-01 1.807043722803213459e+00
5.280000000000000249e-01 1.358298495068276157e+00
5.290000000000000258e-01 4.343502279392538190e-01
5.300000000000000266e-01 -5.877852522924461587e-01
5.310000000000000275e-01 -1.291304245103639392e+00
5.320000000000000284e-01 -1.432113177794493986e+00
5.330000000000000293e-01 -1.057706881539839383e+00
5.340000000000000302e-01 -4.693028421934807293e-01
5.350000000000000311e-01 -4.894348370484913335e-02
5.360000000000000320e-01 -4.622946382912007657e-02
5.370000000000000329e-01 -4.408924416902131882e-01
5.380000000000000338e-01 -9.559098049771352912e-01
5.390000000000000346e-01 -1.213844046840957258e+00
5.400000000000000355e-01 -9.510565162951526430e-01
5.410000000000000364e-01 -1.727366797267709253e-01
5.420000000000000373e-01 8.364751394573189947e-01
5.430000000000000382e-01 1.653344919876942765e+00
5.440000000000000391e-01 1.933343767023849802e+00
5.450000000000000400e-01 1.587785252292491789e+00
5.460000000000000409e-01 8.257232827308828016e-01
5.470000000000000417e-01 3.850375159915275791e-02
5.480000000000000426e-01 -4.102414761358000872e-01
5.490000000000000435e-01 -3.755301115537861834e-01
5.500000000000000444e-01 -5.877066674634118100e-15
5.510000000000000453e-01 3.755301115537074130e-01
5.520000000000000462e-01 4.102414761357899842e-01
5.530000000000000471e-01 -3.850375159917163170e-02
5.540000000000000480e-01 -8.257232827308337297e-01
5.550000000000000488e-01 -1.587785252292442717e+00
5.560000000000000497e-01 -1.933343767023838033e+00
5.570000000000000506e-01 -1.653344919876954089e+00
5.580000000000000515e-01 -8.364751394573484156e-01
5.590000000000000524e-01 1.727366797267749776e-01
5.600000000000000533e-01 9.510565162951700735e-01
5.610000000000000542e-01 1.213844046840990565e+00
5.620000000000000551e-01 9.559098049771682648e-01
5.630000000000000560e-01 4.408924416902910148e-01
5.640000000000000568e-01 4.622946382915715802e-02
5.650000000000000577e-01 4.894348370484791211e-02
5.660000000000000586e-01 4.693028421934162808e-01
5.670000000000000595e-01 1.057706881539759225e+00
5.680000000000000604e-01 1.432113177794485548e+00
5.690000000000000613e-01 1.291304245103616299e+00
5.700000000000000622e-01 5.877852522924413847e-01
5.710000000000000631e-01 -4.343502279392844612e-01
5.720000000000000639e-01 -1.358298495068266831e+00
5.730000000000000648e-01 -1.807043722803235219e+00
5.740000000000000657e-01 -1.635603622223841480e+00
5.750000000000000666e-01 -1.000000000000009770e+00
5.760000000000000675e-01 -2.665094103664374936e-01
5.769999999999999574e-01 1.890097340533061221e-01
5.779999999999999583e-01 1.827279904833548629e-01
5.789999999999999591e-01 -1.836837608105752195e-01
5.799999999999999600e-01 -5.877852522923903145e-01
5.809999999999999609e-01 -6.732702563537411589e-01
5.819999999999999618e-01 -2.565426732096062201e-01
5.829999999999999627e-01 5.603271072099895722e-01
5.839999999999999636e-01 1.432810190396807348e+00
5.849999999999999645e-01 1.951056516295128551e+00
5.859999999999999654e-01 1.855883568761221181e+00
5.869999999999999662e-01 1.177141547059683546e+00
5.879999999999999671e-01 2.196606996078809271e-01
5.889999999999999680e-01 -5.958100580910317134e-01
5.899999999999999689e-01 -9.510565162951613027e-01
5.909999999999999698e-01 -7.907706684767363825e-01
5.919999999999999707e-01 -3.390953651277064385e-01
5.929999999999999716e-01 3.531093112704786208e-02
5.939999999999999725e-01 3.123073443355073309e-02
5.949999999999999734e-01 -4.122147477074494804e-01
5.959999999999999742e-01 -1.076389749859401057e+00
5.969999999999999751e-01 -1.579530237150695626e+00
5.979999999999999760e-01 -1.585811980720747805e+00
5.989999999999999769e-01 -9.935641003036855823e-01
5.999999999999999778e-01 -6.761535884821201924e-14
6.009999999999999787e-01 9.935641003035630137e-01
6.019999999999999796e-01 1.585811980720726488e+00
6.029999999999999805e-01 1.579530237150782224e+00
6.039999999999999813e-01 1.076389749859544276e+00
6.049999999999999822e-01 4.122147477075700506e-01
6.059999999999999831e-01 -3.123073443351820355e-02
6.069999999999999840e-01 -3.531093112711902737e-02
6.079999999999999849e-01 3.390953651275739889e-01
6.089999999999999858e-01 7.907706684765928307e-01
6.099999999999999867e-01 9.510565162951299945e-01
6.109999999999999876e-01 5.958100580911092070e-01
6.119999999999999885e-01 -2.196606996077305474e-01
6.129999999999999893e-01 -1.177141547059536331e+00
6.139999999999999902e-01 -1.855883568761153013e+00
6.149999999999999911e-01 -1.951056516295174514e+00
6.159999999999999920e-01 -1.432810190396942573e+00
6.169999999999999929e-01 -5.603271072101424499e-01
6.179999999999999938e-01 2.565426732095145157e-01
6.189999999999999947e-01 6.732702563537550366e-01
6.199999999999999956e-01 5.877852522925246515e-01
6.209999999999999964e-01 1.836837608107090014e-01
6.219999999999999973e-01 -1.827279904832718183e-01
6.229999999999999982e-01 -1.890097340533242187e-01
6.239999999999999991e-01 2.665094103664159553e-01
6.250000000000000000e-01 9.999999999999745759e-01
6.260000000000000009e-01 1.635603622223811504e+00
6.270000000000000018e-01 1.807043722803208130e+00
6.280000000000000027e-01 1.358298495068278156e+00
6.290000000000000036e-01 4.343502279392793541e-01
6.300000000000000044e-01 -5.877852522924266188e-01
6.310000000000000053e-01 -1.291304245103622739e+00
6.320000000000000062e-01 -1.432113177794515524e+00
6.330000000000000071e-01 -1.057706881539856703e+00
6.340000000000000080e-01 -4.693028421934601901e-01
6.350000000000000089e-01 -4.894348370485879229e-02
6.360000000000000098e-01 -4.622946382910497753e-02
6.370000000000000107e-01 -4.408924416902501031e-01
6.380000000000000115e-01 -9.559098049771013184e-01
6.390000000000000124e-01 -1.213844046840938162e+00
6.400000000000000133e-01 -9.510565162951672979e-01
6.410000000000000142e-01 -1.727366797267927967e-01
6.420000000000000151e-01 8.364751394572704779e-01
6.430000000000000160e-01 1.653344919876959862e+00
6.440000000000000169e-01 1.933343767023848692e+00
6.450000000000000178e-01 1.587785252292517324e+00
6.460000000000000187e-01 8.257232827308644829e-01
6.470000000000000195e-01 3.850375159916930023e-02
6.480000000000000204e-01 -4.102414761358068596e-01
6.490000000000000213e-01 -3.755301115537462153e-01
6.500000000000000222e-01 -4.311870898144541947e-14
6.510000000000000231e-01 3.755301115537059697e-01
6.520000000000000240e-01 4.102414761357867645e-01
6.530000000000000249e-01 -3.850375159913832501e-02
6.540000000000000258e-01 -8.257232827308044198e-01
6.550000000000000266e-01 -1.587785252292463145e+00
6.560000000000000275e-01 -1.933343767023830262e+00
6.570000000000000284e-01 -1.653344919876984065e+00
6.580000000000000293e-01 -8.364751394573191057e-01
6.590000000000000302e-01 1.727366797267530507e-01
6.600000000000000311e-01 9.510565162951377660e-01
6.610000000000000320e-01 1.213844046840985236e+00
6.620000000000000329e-01 9.559098049771792560e-01
6.630000000000000338e-01 4.408924416903235999e-01
6.640000000000000346e-01 4.622946382913939445e-02
6.650000000000000355e-01 4.894348370483814215e-02
6.660000000000000364e-01 4.693028421933957972e-01
6.670000000000000373e-01 1.057706881539780541e+00
6.680000000000000382e-01 1.432113177794464010e+00
6.690000000000000391e-01 1.291304245103643833e+00
6.700000000000000400e-01 5.877852522924609247e-01
6.710000000000000409e-01 -4.343502279392318921e-01
6.720000000000000417e-01 -1.358298495068251732e+00
6.730000000000000426e-01 -1.807043722803223673e+00
6.740000000000000435e-01 -1.635603622223865905e+00
6.750000000000000444e-01 -1.000000000000041078e+00
6.760000000000000453e-01 -2.665094103664584768e-01
6.770000000000000462e-01 1.890097340533315462e-01
6.780000000000000471e-01 1.827279904833433166e-01
6.790000000000000480e-01 -1.836837608106242359e-01
6.800000000000000488e-01 -5.877852522924050804e-01
6.810000000000000497e-01 -6.732702563537132923e-01
6.820000000000000506e-01 -2.565426732095344997e-01
6.830000000000000515e-01 5.603271072100344252e-01
6.840000000000000524e-01 1.432810190396840211e+00
6.850000000000000533e-01 1.951056516295154086e+00
6.860000000000000542e-01 1.855883568761199642e+00
6.870000000000000551e-01 1.177141547059639581e+00
6.880000000000000560e-01 2.196606996077766216e-01
6.890000000000000568e-01 -5.958100580910482558e-01
6.900000000000000577e-01 -9.510565162951877261e-01
6.910000000000000586e-01 -7.907706684766697691e-01
6.920000000000000595e-01 -3.390953651277094361e-01
6.930000000000000604e-01 3.531093112704131176e-02
6.940000000000000613e-01 3.123073443352475387e-02
6.950000000000000622e-01 -4.122147477075620570e-01
6.960000000000000631e-01 -1.076389749859415712e+00
6.970000000000000639e-01 -1.579530237150728045e+00
6.980000000000000648e-01 -1.585811980720734482e+00
6.990000000000000657e-01 -9.935641003036344010e-01
7.000000000000000666e-01 2.059139768350000673e-14
7.010000000000000675e-01 9.935641003036971286e-01
7.020000000000000684e-01 1.585811980720756020e+00
7.030000000000000693e-01 1.579530237150749805e+00
7.039999999999999591e-01 1.076389749859520739e+00
7.049999999999999600e-01 4.122147477076413269e-01
7.059999999999999609e-01 -3.123073443351420675e-02
7.069999999999999618e-01 -3.531093112709204895e-02
7.079999999999999627e-01 3.390953651274838943e-01
7.089999999999999636e-01 7.907706684765868355e-01
7.099999999999999645e-01 9.510565162951319929e-01
7.109999999999999654e-01 5.958100580911411814e-01
7.119999999999999662e-01 -2.196606996076831964e-01
7.129999999999999671e-01 -1.177141547059563420e+00
7.139999999999999680e-01 -1.855883568761108382e+00
7.149999999999999689e-01 -1.951056516295184284e+00
7.159999999999999698e-01 -1.432810190396927030e+00
7.169999999999999707e-01 -5.603271072102244954e-01
7.179999999999999716e-01 2.565426732094795437e-01
7.189999999999999725e-01 6.732702563537558138e-01
7.199999999999999734e-01 5.877852522925735013e-01
7.209999999999999742e-01 1.836837608107457220e-01
7.219999999999999751e-01 -1.827279904832833646e-01
7.229999999999999760e-01 -1.890097340533429815e-01
7.239999999999999769e-01 2.665094103663949721e-01
7.249999999999999778e-01 9.999999999999431566e-01
7.259999999999999787e-01 1.635603622223745335e+00
7.269999999999999796e-01 1.807043722803219232e+00
7.279999999999999805e-01 1.358298495068293477e+00
7.289999999999999813e-01 4.343502279393882670e-01
7.299999999999999822e-01 -5.877852522924070788e-01
7.309999999999999831e-01 -1.291304245103622517e+00
7.319999999999999840e-01 -1.432113177794544612e+00
7.329999999999999849e-01 -1.057706881539890453e+00
7.339999999999999858e-01 -4.693028421934806738e-01
7.349999999999999867e-01 -4.894348370488599276e-02
7.359999999999999876e-01 -4.622946382909853824e-02
7.369999999999999885e-01 -4.408924416902175181e-01
7.379999999999999893e-01 -9.559098049770375916e-01
7.389999999999999902e-01 -1.213844046840919288e+00
7.399999999999999911e-01 -9.510565162951710727e-01
7.409999999999999920e-01 -1.727366797268915510e-01
7.419999999999999929e-01 8.364751394572448318e-01
7.429999999999999938e-01 1.653344919876929886e+00
7.439999999999999947e-01 1.933343767023867121e+00
7.449999999999999956e-01 1.587785252292542637e+00
7.459999999999999964e-01 8.257232827308937928e-01
7.469999999999999973e-01 3.850375159923868917e-02
7.479999999999999982e-01 -4.102414761358136319e-01
7.489999999999999991e-01 -3.755301115537745815e-01
7.500000000000000000e-01 -1.087820607186607283e-13
7.510000000000000009e-01 3.755301115536774925e-01
7.520000000000000018e-01 4.102414761358030848e-01
7.530000000000000027e-01 -3.850375159915808698e-02
7.540000000000000036e-01 -8.257232827307664502e-01
7.550000000000000044e-01 -1.587785252292437832e+00
7.560000000000000053e-01 -1.933343767023842030e+00
7.570000000000000062e-01 -1.653344919876997610e+00
7.580000000000000071e-01 -8.364751394573676224e-01
7.590000000000000080e-01 1.727366797267810283e-01
7.600000000000000089e-01 9.510565162951339913e-01
7.610000000000000098e-01 1.213844046840977242e+00
7.620000000000000107e-01 9.559098049771601602e-01
7.630000000000000115e-01 4.408924416903395316e-01
7.640000000000000124e-01 4.622946382915460450e-02
7.650000000000000133e-01 4.894348370484602473e-02
7.660000000000000142e-01 4.693028421933664318e-01
7.670000000000000151e-01 1.057706881539763444e+00
7.680000000000000160e-01 1.432113177794472891e+00
7.690000000000000169e-01 1.291304245103644055e+00
7.700000000000000178e-01 5.877852522925087753e-01
7.710000000000000187e-01 -4.343502279392628118e-01
7.720000000000000195e-01 -1.358298495068213541e+00
7.730000000000000204e-01 -1.807043722803229224e+00
7.740000000000000213e-01 -1.635603622223840592e+00
7.750000000000000222e-01 -1.000000000000072609e+00
7.760000000000000231e-01 -2.665094103664883418e-01
7.770000000000000240e-01 1.890097340533365422e-01
7.780000000000000249e-01 1.827279904833681856e-01
7.790000000000000258e-01 -1.836837608106146047e-01
7.800000000000000266e-01 -5.877852522924658096e-01
7.810000000000000275e-01 -6.732702563537288354e-01
7.820000000000000284e-01 -2.565426732095464901e-01
7.830000000000000293e-01 5.603271072101009276e-01
7.840000000000000302e-01 1.432810190396814676e+00
7.850000000000000311e-01 1.951056516295144316e+00
7.860000000000000320e-01 1.855883568761162561e+00
7.870000000000000329e-01 1.177141547059681992e+00
7.880000000000000338e-01 2.196606996078009910e-01
7.890000000000000346e-01 -5.958100580910890010e-01
7.900000000000000355e-01 -9.510565162951749585e-01
7.910000000000000364e-01 -7.907706684767028538e-01
7.920000000000000373e-01 -3.390953651276115144e-01
7.930000000000000382e-01 3.531093112702110570e-02
7.940000000000000391e-01 3.123073443353752143e-02
7.950000000000000400e-01 -4.122147477075367439e-01
7.960000000000000409e-01 -1.076389749859391509e+00
7.970000000000000417e-01 -1.579530237150704508e+00
7.980000000000000426e-01 -1.585811980720731595e+00
7.990000000000000435e-01 -9.935641003036786989e-01
8.000000000000000444e-01 -4.888683506403997039e-15
8.010000000000000453e-01 9.935641003036528307e-01
8.020000000000000462e-01 1.585811980720758907e+00
8.030000000000000471e-01 1.579530237150756466e+00
8.040000000000000480e-01 1.076389749859449685e+00
8.050000000000000488e-01 4.122147477075747135e-01
8.060000000000000497e-01 -3.123073443354018597e-02
8.070000000000000506e-01 -3.531093112706806814e-02
8.080000000000000515e-01 3.390953651275588898e-01
8.090000000000000524e-01 7.907706684766262484e-01
8.100000000000000533e-01 9.510565162951515328e-01
8.110000000000000542e-01 5.958100580910734578e-01
8.120000000000000551e-01 -2.196606996077875018e-01
8.130000000000000560e-01 -1.177141547059660232e+00
8.140000000000000568e-01 -1.855883568761154123e+00
8.150000000000000577e-01 -1.951056516295158749e+00
8.160000000000000586e-01 -1.432810190396844430e+00
8.170000000000000595e-01 -5.603271072101412287e-01
8.180000000000000604e-01 2.565426732095283935e-01
8.190000000000000613e-01 6.732702563537730223e-01
8.200000000000000622e-01 5.877852522925411938e-01
8.210000000000000631e-01 1.836837608106696440e-01
8.220000000000000639e-01 -1.827279904833311042e-01
8.230000000000000648e-01 -1.890097340533009040e-01
8.240000000000000657e-01 2.665094103664655822e-01
8.250000000000000666e-01 1.000000000000025535e+00
8.260000000000000675e-01 1.635603622223803510e+00
8.270000000000000684e-01 1.807043722803221009e+00
8.280000000000000693e-01 1.358298495068213096e+00
8.290000000000000702e-01 4.343502279392739696e-01
8.300000000000000711e-01 -5.877852522924795764e-01
8.310000000000000719e-01 -1.291304245103643389e+00
8.320000000000000728e-01 -1.432113177794551273e+00
8.329999999999999627e-01 -1.057706881539907551e+00
8.339999999999999636e-01 -4.693028421935012684e-01
8.349999999999999645e-01 -4.894348370486056865e-02
8.359999999999999654e-01 -4.622946382908343921e-02
8.369999999999999662e-01 -4.408924416902015309e-01
8.379999999999999671e-01 -9.559098049771324046e-01
8.389999999999999680e-01 -1.213844046840900415e+00
8.399999999999999689e-01 -9.510565162951748475e-01
8.409999999999999698e-01 -1.727366797268138354e-01
8.419999999999999707e-01 8.364751394571960930e-01
8.429999999999999716e-01 1.653344919876899910e+00
8.439999999999999725e-01 1.933343767023853577e+00
8.449999999999999734e-01 1.587785252292567950e+00
8.459999999999999742e-01 8.257232827309318735e-01
8.469999999999999751e-01 3.850375159919949830e-02
8.479999999999999760e-01 -4.102414761358204043e-01
8.489999999999999769e-01 -3.755301115538031143e-01
8.499999999999999778e-01 -3.233686530385600621e-14
8.509999999999999787e-01 3.755301115536761603e-01
8.519999999999999796e-01 4.102414761358192941e-01
8.529999999999999805e-01 -3.850375159914154466e-02
8.539999999999999813e-01 -8.257232827307370293e-01
8.549999999999999822e-01 -1.587785252292412519e+00
8.559999999999999831e-01 -1.933343767023842918e+00
8.569999999999999840e-01 -1.653344919877010710e+00
8.579999999999999849e-01 -8.364751394573932686e-01
8.589999999999999858e-01 1.727366797267321230e-01
8.599999999999999867e-01 9.510565162951017948e-01
8.609999999999999876e-01 1.213844046840969026e+00
8.619999999999999885e-01 9.559098049771941330e-01
8.629999999999999893e-01 4.408924416903721166e-01
8.639999999999999902e-01 4.622946382916093278e-02
8.649999999999999911e-01 4.894348370483636579e-02
8.659999999999999920e-01 4.693028421933371774e-01
8.669999999999999929e-01 1.057706881539729471e+00
8.679999999999999938e-01 1.432113177794474446e+00
8.689999999999999947e-01 1.291304245103671144e+00
8.699999999999999956e-01 5.877852522924998935e-01
8.709999999999999964e-01 -4.343502279392372212e-01
8.719999999999999973e-01 -1.358298495068198219e+00
8.729999999999999982e-01 -1.807043722803217900e+00
8.739999999999999991e-01 -1.635603622223856579e+00
8.750000000000000000e-01 -1.000000000000103917e+00
8.760000000000000009e-01 -2.665094103665094361e-01
8.770000000000000018e-01 1.890097340533213321e-01
8.780000000000000027e-01 1.827279904833698509e-01
8.790000000000000036e-01 -1.836837608105508501e-01
8.800000000000000044e-01 -5.877852522924345013e-01
8.810000000000000053e-01 -6.732702563537174001e-01
8.820000000000000062e-01 -2.565426732095814621e-01
8.830000000000000071e-01 5.603271072100572958e-01
8.840000000000000080e-01 1.432810190396788919e+00
8.850000000000000089e-01 1.951056516295134546e+00
8.860000000000000098e-01 1.855883568761182989e+00
8.870000000000000107e-01 1.177141547059724402e+00
8.880000000000000115e-01 2.196606996078254159e-01
8.890000000000000124e-01 -5.958100580910812294e-01
8.900000000000000133e-01 -9.510565162951905016e-01
8.910000000000000142e-01 -7.907706684767090710e-01
8.920000000000000151e-01 -3.390953651276236158e-01
8.930000000000000160e-01 3.531093112700078862e-02
8.940000000000000169e-01 3.123073443354162926e-02
8.950000000000000178e-01 -4.122147477075113198e-01
8.960000000000000187e-01 -1.076389749859367306e+00
8.970000000000000195e-01 -1.579530237150681193e+00
8.980000000000000204e-01 -1.585811980720728709e+00
8.990000000000000213e-01 -9.935641003036959074e-01
9.000000000000000222e-01 -5.879047412671201140e-14
9.010000000000000231e-01 9.935641003036084218e-01
9.020000000000000240e-01 1.585811980720761571e+00
9.030000000000000249e-01 1.579530237150780003e+00
9.040000000000000258e-01 1.076389749859473888e+00
9.050000000000000266e-01 4.122147477076001376e-01
9.060000000000000275e-01 -3.123073443353618917e-02
9.070000000000000284e-01 -3.531093112708838522e-02
9.080000000000000293e-01 3.390953651275236957e-01
9.090000000000000302e-01 7.907706684766202532e-01
9.100000000000000311e-01 9.510565162951643003e-01
9.110000000000000320e-01 5.958100580910813404e-01
9.120000000000000329e-01 -2.196606996077630769e-01
9.130000000000000338e-01 -1.177141547059617821e+00
9.140000000000000346e-01 -1.855883568761133917e+00
9.150000000000000355e-01 -1.951056516295168519e+00
9.160000000000000364e-01 -1.432810190396869965e+00
9.170000000000000373e-01 -5.603271072101682071e-01
9.180000000000000382e-01 2.565426732095164031e-01
9.190000000000000391e-01 6.732702563537305007e-01
9.200000000000000400e-01 5.877852522925723910e-01
9.210000000000000409e-01 1.836837608107063646e-01
9.220000000000000417e-01 -1.827279904833062352e-01
9.230000000000000426e-01 -1.890097340533328785e-01
9.240000000000000435e-01 2.665094103664444880e-01
9.250000000000000444e-01 9.999999999999941158e-01
9.260000000000000453e-01 1.635603622223778864e+00
9.270000000000000462e-01 1.807043722803215680e+00
9.280000000000000471e-01 1.358298495068274381e+00
9.290000000000000480e-01 4.343502279392995602e-01
9.300000000000000488e-01 -5.877852522924600365e-01
9.310000000000000497e-01 -1.291304245103643167e+00
9.320000000000000506e-01 -1.432113177794526848e+00
9.330000000000000515e-01 -1.057706881539864696e+00
9.340000000000000524e-01 -4.693028421934484218e-01
9.350000000000000533e-01 -4.894348370487033861e-02
9.360000000000000542e-01 -4.622946382911663488e-02
9.370000000000000551e-01 -4.408924416902412213e-01
9.380000000000000560e-01 -9.559098049770524685e-01
9.390000000000000568e-01 -1.213844046840929725e+00
9.400000000000000577e-01 -9.510565162951435392e-01
9.410000000000000586e-01 -1.727366797268357068e-01
9.420000000000000595e-01 8.364751394573266552e-01
9.430000000000000604e-01 1.653344919876980956e+00
9.440000000000000613e-01 1.933343767023861126e+00
9.450000000000000622e-01 1.587785252292501337e+00
9.460000000000000631e-01 8.257232827308307321e-01
9.470000000000000639e-01 3.850375159918262291e-02
9.480000000000000648e-01 -4.102414761358198492e-01
9.490000000000000657e-01 -3.755301115537486578e-01
9.500000000000000666e-01 -6.957850761066731389e-14
9.510000000000000675e-01 3.755301115536764933e-01
9.520000000000000684e-01 4.102414761357736639e-01
9.530000000000000693e-01 -3.850375159912500234e-02
9.540000000000000702e-01 -8.257232827308205181e-01
9.550000000000000711e-01 -1.587785252292479132e+00
9.560000000000000719e-01 -1.933343767023817605e+00
9.570000000000000728e-01 -1.653344919876963193e+00
9.580000000000000737e-01 -8.364751394573087806e-01
9.590000000000000746e-01 1.727366797267101961e-01
9.599999999999999645e-01 9.510565162950979090e-01
9.609999999999999654e-01 1.213844046840988122e+00
9.619999999999999662e-01 9.559098049771821426e-01
9.629999999999999671e-01 4.408924416904047572e-01
9.639999999999999680e-01 4.622946382917603181e-02
9.649999999999999689e-01 4.894348370482670685e-02
9.659999999999999698e-01 4.693028421933254646e-01
9.669999999999999707e-01 1.057706881539695720e+00
9.679999999999999716e-01 1.432113177794452685e+00
9.689999999999999725e-01 1.291304245103671366e+00
9.699999999999999734e-01 5.877852522925761658e-01
9.709999999999999742e-01 -4.343502279392117416e-01
9.719999999999999751e-01 -1.358298495068182898e+00
9.729999999999999760e-01 -1.807043722803223451e+00
9.739999999999999769e-01 -1.635603622223881004e+00
9.749999999999999778e-01 -1.000000000000135225e+00
9.759999999999999787e-01 -2.665094103665305303e-01
9.769999999999999796e-01 1.890097340533227754e-01
9.779999999999999805e-01 1.827279904833947199e-01
9.789999999999999813e-01 -1.836837608105681974e-01
9.799999999999999822e-01 -5.877852522924033041e-01
9.809999999999999831e-01 -6.732702563537058538e-01
9.819999999999999840e-01 -2.565426732095935636e-01
9.829999999999999849e-01 5.603271072100304284e-01
9.839999999999999858e-01 1.432810190396745620e+00
9.849999999999999867e-01 1.951056516295124776e+00
9.859999999999999876e-01 1.855883568761194535e+00
9.869999999999999885e-01 1.177141547059750160e+00
9.879999999999999893e-01 2.196606996078958596e-01
9.889999999999999902e-01 -5.958100580910733468e-01
9.899999999999999911e-01 -9.510565162952060447e-01
9.909999999999999920e-01 -7.907706684767421557e-01
9.919999999999999929e-01 -3.390953651276586989e-01
9.929999999999999938e-01 3.531093112701400027e-02
9.939999999999999947e-01 3.123073443354573708e-02
9.949999999999999956e-01 -4.122147477074860067e-01
9.959999999999999964e-01 -1.076389749859334444e+00
9.969999999999999973e-01 -1.579530237150691185e+00
9.979999999999999982e-01 -1.585811980720726044e+00
9.989999999999999991e-01 -9.935641003037132268e-01
